// MilkShape 3D ASCII

Frames: 30
Frame: 1

Meshes: 2
"Shell" 1 1
303
1 9.218867 22.163073 3.334269 0.024793 0.802176 -1
1 3.178988 23.781845 3.334266 0.004744 0.802176 -1
1 2.667038 19.893202 5.000949 0.004744 0.958313 -1
1 7.711344 18.540266 5.000943 0.024793 0.958313 -1
1 3.375082 25.271336 1.667602 0.004744 0.646039 -1
1 9.796219 23.550699 1.667607 0.024793 0.646039 -1
1 10.000706 24.042770 0.000929 0.024793 0.489902 -1
1 3.444612 25.799463 0.000926 0.004744 0.489902 -1
1 3.375079 25.271332 -1.665738 0.004744 0.333765 -1
1 9.796208 23.550711 -1.665744 0.024793 0.333765 -1
1 9.218868 22.163061 -3.332410 0.024793 0.177628 -1
1 3.178987 23.781837 -3.332411 0.004744 0.177628 -1
1 2.667037 19.893206 -4.999090 0.004744 0.021491 -1
1 7.711346 18.540266 -4.999080 0.024793 0.021491 -1
1 12.233616 15.925360 5.000944 0.044841 0.958313 -1
1 14.633966 19.035376 3.334271 0.044841 0.802176 -1
1 15.553205 20.226637 1.667601 0.044841 0.646039 -1
1 15.878757 20.649076 0.000933 0.044841 0.489902 -1
1 15.553205 20.226641 -1.665743 0.044841 0.333765 -1
1 14.633968 19.035368 -3.332413 0.044841 0.177628 -1
1 12.233608 15.925346 -4.999084 0.044841 0.021491 -1
1 19.055256 14.611950 3.334267 0.064890 0.802176 -1
1 15.925648 12.226622 5.000946 0.064890 0.958313 -1
1 20.253738 15.525627 1.667604 0.064890 0.646039 -1
1 20.678135 15.849677 0.000926 0.064890 0.489902 -1
1 20.253746 15.525637 -1.665733 0.064890 0.333765 -1
1 19.055256 14.611956 -3.332414 0.064890 0.177628 -1
1 15.925640 12.226620 -4.999084 0.064890 0.021491 -1
1 18.535851 7.696161 5.000948 0.084939 0.958313 -1
1 22.181438 9.194235 3.334263 0.084939 0.802176 -1
1 23.577503 9.768085 1.667607 0.084939 0.646039 -1
1 24.071831 9.971650 0.000931 0.084939 0.489902 -1
1 23.577515 9.768084 -1.665739 0.084939 0.333765 -1
1 22.181438 9.194240 -3.332413 0.084939 0.177628 -1
1 18.535854 7.696157 -4.999084 0.084939 0.021491 -1
1 23.799435 3.151437 3.334268 0.104988 0.802176 -1
1 19.886318 2.642712 5.000939 0.104988 0.958313 -1
1 25.297958 3.346339 1.667600 0.104988 0.646039 -1
1 25.828506 3.415553 0.000918 0.104988 0.489902 -1
1 25.297970 3.346340 -1.665742 0.104988 0.333765 -1
1 23.799442 3.151439 -3.332403 0.104988 0.177628 -1
1 19.886322 2.642710 -4.999080 0.104988 0.021491 -1
1 19.885059 -2.589344 5.000942 0.125036 0.958313 -1
1 23.799038 -3.104629 3.334270 0.125036 0.802176 -1
1 25.297874 -3.301957 1.667600 0.125036 0.646039 -1
1 25.828506 -3.371818 0.000920 0.125036 0.489902 -1
1 25.297878 -3.301955 -1.665742 0.125036 0.333765 -1
1 23.799046 -3.104631 -3.332417 0.125036 0.177628 -1
1 19.885063 -2.589344 -4.999086 0.125036 0.021491 -1
1 22.180237 -9.147631 3.334270 0.145085 0.802176 -1
1 18.532124 -7.643443 5.000941 0.145085 0.958313 -1
1 23.577248 -9.723737 1.667601 0.145085 0.646039 -1
1 24.071823 -9.927908 0.000930 0.145085 0.489902 -1
1 23.577248 -9.723735 -1.665749 0.145085 0.333765 -1
1 22.180237 -9.147628 -3.332410 0.145085 0.177628 -1
1 18.532124 -7.643444 -4.999085 0.145085 0.021491 -1
1 15.919735 -12.175159 5.000948 0.165135 0.958313 -1
1 19.053368 -14.565737 3.334270 0.165135 0.802176 -1
1 20.253330 -15.481362 1.667602 0.165135 0.646039 -1
1 20.678135 -15.805934 0.000928 0.165135 0.489902 -1
1 20.253357 -15.481366 -1.665729 0.165135 0.333765 -1
1 19.053368 -14.565729 -3.332416 0.165135 0.177628 -1
1 15.919727 -12.175159 -4.999079 0.165135 0.021491 -1
1 14.631504 -18.989744 3.334271 0.185184 0.802176 -1
1 12.225893 -15.875677 5.000938 0.185184 0.958313 -1
1 15.552673 -20.182474 1.667603 0.185184 0.646039 -1
1 15.878750 -20.605318 0.000928 0.185184 0.489902 -1
1 15.552673 -20.182480 -1.665737 0.185184 0.333765 -1
1 14.631510 -18.989725 -3.332424 0.185184 0.177628 -1
1 12.225903 -15.875681 -4.999080 0.185184 0.021491 -1
1 7.702367 -18.492809 5.000936 0.205232 0.958313 -1
1 9.216002 -22.118113 3.334271 0.205232 0.802176 -1
1 9.795595 -23.506697 1.667601 0.205232 0.646039 -1
1 10.000700 -23.999020 0.000929 0.205232 0.489902 -1
1 9.795594 -23.506701 -1.665738 0.205232 0.333765 -1
1 9.215993 -22.118116 -3.332405 0.205232 0.177628 -1
1 7.702367 -18.492817 -4.999084 0.205232 0.021491 -1
1 3.175910 -23.737701 3.334268 0.225281 0.802176 -1
1 2.657400 -19.848183 5.000945 0.225281 0.958313 -1
1 3.374422 -25.227489 1.667596 0.225281 0.646039 -1
1 3.444604 -25.755735 0.000928 0.225281 0.489902 -1
1 3.374421 -25.227497 -1.665743 0.225281 0.333765 -1
1 3.175910 -23.737698 -3.332417 0.225281 0.177628 -1
1 2.657402 -19.848183 -4.999082 0.225281 0.021491 -1
1 -2.565192 -19.849455 5.000948 0.245330 0.958313 -1
1 -3.077140 -23.738089 3.334269 0.245330 0.802176 -1
1 -3.273235 -25.227568 1.667593 0.245330 0.646039 -1
1 -3.342765 -25.755705 0.000931 0.245330 0.489902 -1
1 -3.273236 -25.227581 -1.665738 0.245330 0.333765 -1
1 -3.077139 -23.738085 -3.332407 0.245330 0.177628 -1
1 -2.565193 -19.849455 -4.999080 0.245330 0.021491 -1
1 -9.117023 -22.119308 3.334268 0.265379 0.802176 -1
1 -7.609503 -18.496521 5.000947 0.265379 0.958313 -1
1 -9.694355 -23.506954 1.667598 0.265379 0.646039 -1
1 -9.898864 -23.999037 0.000932 0.265379 0.489902 -1
1 -9.694356 -23.506962 -1.665739 0.265379 0.333765 -1
1 -9.117029 -22.119305 -3.332420 0.265379 0.177628 -1
1 -7.609501 -18.496521 -4.999084 0.265379 0.021491 -1
1 -12.131764 -15.881600 5.000939 0.285428 0.958313 -1
1 -14.532117 -18.991619 3.334273 0.285428 0.802176 -1
1 -15.451355 -20.182877 1.667600 0.285428 0.646039 -1
1 -15.776911 -20.605339 0.000929 0.285428 0.489902 -1
1 -15.451365 -20.182880 -1.665738 0.285428 0.333765 -1
1 -14.532118 -18.991623 -3.332408 0.285428 0.177628 -1
1 -12.131776 -15.881608 -4.999079 0.285428 0.021491 -1
1 -18.953415 -14.568214 3.334274 0.305475 0.802176 -1
1 -15.823797 -12.182870 5.000940 0.305475 0.958313 -1
1 -20.151909 -15.481885 1.667602 0.305475 0.646039 -1
1 -20.576302 -15.805929 0.000931 0.305475 0.489902 -1
1 -20.151901 -15.481891 -1.665730 0.305475 0.333765 -1
1 -18.953423 -14.568195 -3.332412 0.305475 0.177628 -1
1 -15.823793 -12.182874 -4.999072 0.305475 0.021491 -1
1 -18.434013 -7.652412 5.000947 0.325525 0.958313 -1
1 -22.079601 -9.150489 3.334268 0.325525 0.802176 -1
1 -23.475655 -9.724339 1.667607 0.325525 0.646039 -1
1 -23.969982 -9.927906 0.000937 0.325525 0.489902 -1
1 -23.475666 -9.724343 -1.665738 0.325525 0.333765 -1
1 -22.079575 -9.150481 -3.332398 0.325525 0.177628 -1
1 -18.434006 -7.652412 -4.999082 0.325525 0.021491 -1
1 -23.697598 -3.107708 3.334275 0.345573 0.802176 -1
1 -19.784489 -2.598975 5.000942 0.345573 0.958313 -1
1 -25.196129 -3.302612 1.667605 0.345573 0.646039 -1
1 -25.726688 -3.371819 0.000937 0.345573 0.489902 -1
1 -25.196121 -3.302610 -1.665741 0.345573 0.333765 -1
1 -23.697598 -3.107705 -3.332410 0.345573 0.177628 -1
1 -19.784473 -2.598976 -4.999076 0.345573 0.021491 -1
1 -19.783207 2.633075 5.000949 0.365622 0.958313 -1
1 -23.697208 3.148360 3.334270 0.365622 0.802176 -1
1 -25.196041 3.345682 1.667606 0.365622 0.646039 -1
1 -25.726688 3.415545 0.000937 0.365622 0.489902 -1
1 -25.196045 3.345684 -1.665738 0.365622 0.333765 -1
1 -23.697193 3.148357 -3.332407 0.365622 0.177628 -1
1 -19.783207 2.633075 -4.999075 0.365622 0.021491 -1
1 -22.078396 9.191360 3.334275 0.385671 0.802176 -1
1 -18.430279 7.687181 5.000946 0.385671 0.958313 -1
1 -23.475403 9.767465 1.667610 0.385671 0.646039 -1
1 -23.969971 9.971642 0.000934 0.385671 0.489902 -1
1 -23.475414 9.767466 -1.665737 0.385671 0.333765 -1
1 -22.078400 9.191361 -3.332410 0.385671 0.177628 -1
1 -18.430283 7.687179 -4.999075 0.385671 0.021491 -1
1 -15.817890 12.218909 5.000944 0.405720 0.958313 -1
1 -18.951527 14.609483 3.334277 0.405720 0.802176 -1
1 -20.151493 15.525108 1.667607 0.405720 0.646039 -1
1 -20.576302 15.849678 0.000930 0.405720 0.489902 -1
1 -20.151489 15.525106 -1.665731 0.405720 0.333765 -1
1 -18.951527 14.609488 -3.332412 0.405720 0.177628 -1
1 -15.817886 12.218905 -4.999082 0.405720 0.021491 -1
1 -14.529655 19.033480 3.334270 0.425770 0.802176 -1
1 -12.124051 15.919428 5.000943 0.425770 0.958313 -1
1 -15.450834 20.226215 1.667604 0.425770 0.646039 -1
1 -15.776903 20.649067 0.000931 0.425770 0.489902 -1
1 -15.450827 20.226225 -1.665728 0.425770 0.333765 -1
1 -14.529652 19.033485 -3.332406 0.425770 0.177628 -1
1 -12.124044 15.919426 -4.999074 0.425770 0.021491 -1
1 -7.600522 18.536570 5.000941 0.445818 0.958313 -1
1 -9.114156 22.161869 3.334270 0.445818 0.802176 -1
1 -9.693755 23.550455 1.667600 0.445818 0.646039 -1
1 -9.898858 24.042759 0.000931 0.445818 0.489902 -1
1 -9.693747 23.550459 -1.665747 0.445818 0.333765 -1
1 -9.114152 22.161861 -3.332408 0.445818 0.177628 -1
1 -7.600525 18.536556 -4.999078 0.445818 0.021491 -1
1 -3.074063 23.781466 3.334270 0.465867 0.802176 -1
1 -2.555558 19.891928 5.000946 0.465867 0.958313 -1
1 -3.272578 25.271235 1.667605 0.465867 0.646039 -1
1 -3.342759 25.799469 0.000935 0.465867 0.489902 -1
1 -3.272578 25.271246 -1.665741 0.465867 0.333765 -1
1 -3.074062 23.781454 -3.332409 0.465867 0.177628 -1
1 -2.555558 19.891928 -4.999081 0.465867 0.021491 -1
1 2.667038 19.893202 5.000949 0.485916 0.958313 -1
1 3.178988 23.781845 3.334266 0.485916 0.802176 -1
1 3.375082 25.271336 1.667602 0.485916 0.646039 -1
1 3.444612 25.799463 0.000926 0.485916 0.489902 -1
1 3.375079 25.271332 -1.665738 0.485916 0.333765 -1
1 3.178987 23.781837 -3.332411 0.485916 0.177628 -1
1 2.667037 19.893206 -4.999090 0.485916 0.021491 -1
1 0.016609 -0.006710 4.012221 0.917130 0.577456 -1
1 3.481254 8.277506 4.012230 0.628729 0.912939 -1
1 1.187594 8.887790 4.012227 0.630109 0.233078 -1
1 4.283562 10.229750 7.012220 0.449855 1.003150 -1
1 1.463299 10.981977 7.012220 0.449312 0.145706 -1
1 5.538799 7.102656 4.012223 0.629813 0.234471 -1
1 6.813040 8.779941 7.012228 0.449407 0.147773 -1
1 7.220021 5.443324 4.012220 0.628539 0.914427 -1
1 8.879356 6.731344 7.012230 0.449727 1.006317 -1
1 8.410343 3.412571 4.012225 0.627997 0.229481 -1
1 10.341686 4.223544 7.012226 0.449383 0.146511 -1
1 9.028638 1.148804 4.012224 0.628139 0.915052 -1
1 11.100373 1.427462 7.012224 0.449809 1.002537 -1
1 9.032795 -1.193711 4.012225 0.629451 0.228544 -1
1 11.103732 -1.466354 7.012230 0.449949 0.141503 -1
1 8.422485 -3.455330 4.012217 0.628513 0.913479 -1
1 10.351507 -4.260701 7.012217 0.449797 0.997034 -1
1 7.239346 -5.481933 4.012219 0.628225 0.227315 -1
1 8.894992 -6.765144 7.012228 0.449257 1.001957 -1
1 5.563994 -7.135413 4.012218 0.628613 0.919865 -1
1 6.833421 -8.809009 7.012219 0.449136 1.000551 -1
1 3.510592 -8.303085 4.012220 0.628837 0.232136 -1
1 4.307297 -10.253013 7.012222 0.449728 0.143468 -1
1 1.219078 -8.905361 4.012219 0.629174 0.916803 -1
1 1.488772 -10.998740 7.012222 0.449254 0.999020 -1
1 -1.154375 -8.901214 4.012219 0.628299 0.235888 -1
1 -1.430078 -10.995394 7.012225 0.449059 0.146609 -1
1 -3.448032 -8.290925 4.012220 0.629678 0.915422 -1
1 -4.250342 -10.243173 7.012226 0.449650 0.999145 -1
1 -5.505586 -7.116085 4.012221 0.628593 0.227342 -1
1 -6.779819 -8.793368 7.012224 0.450099 0.151697 -1
1 -7.186802 -5.456741 4.012222 0.629866 0.913927 -1
1 -8.846128 -6.744759 7.012218 0.449779 1.003124 -1
1 -8.377118 -3.425990 4.012223 0.628140 0.232327 -1
1 -10.308455 -4.236966 7.012229 0.450127 0.145805 -1
1 -8.995414 -1.162223 4.012223 0.629134 0.913312 -1
1 -11.067143 -1.440885 7.012226 0.449699 0.999746 -1
1 -8.999575 1.180290 4.012220 0.628955 0.226111 -1
1 -11.070505 1.452934 7.012222 0.449557 0.150817 -1
1 -8.389274 3.441911 4.012221 0.629894 0.914877 -1
1 -10.318288 4.247278 7.012226 0.449708 0.998113 -1
1 -7.206130 5.468514 4.012223 0.629044 0.227346 -1
1 -8.861770 6.751721 7.012220 0.449113 0.148934 -1
1 -5.530779 7.121995 4.012221 0.629794 0.915649 -1
1 -6.800200 8.795593 7.012227 0.449233 1.001744 -1
1 -3.477376 8.289657 4.012224 0.628430 0.236833 -1
1 -4.274079 10.239585 7.012232 0.449778 0.148854 -1
1 -1.185859 8.891941 4.012227 0.628095 0.918711 -1
1 -1.455554 10.985316 7.012226 0.449113 1.003289 -1
1 -12.124044 15.919426 -4.999074 0.004744 0.021491 -1
1 12.225903 -15.875681 -4.999080 0.004744 0.021491 -1
1 7.702367 -18.492817 -4.999084 0.004744 0.021491 -1
1 -7.600525 18.536556 -4.999078 0.004744 0.021491 -1
1 15.919727 -12.175159 -4.999079 0.004744 0.021491 -1
1 -2.555558 19.891928 -4.999081 0.004744 0.021491 -1
1 18.532124 -7.643444 -4.999085 0.004744 0.021491 -1
1 19.885063 -2.589344 -4.999086 0.004744 0.021491 -1
1 7.711346 18.540266 -4.999080 0.004744 0.021491 -1
1 19.886322 2.642710 -4.999080 0.004744 0.021491 -1
1 12.233608 15.925346 -4.999084 0.004744 0.021491 -1
1 18.535854 7.696157 -4.999084 0.004744 0.021491 -1
1 15.925640 12.226620 -4.999084 0.004744 0.021491 -1
1 2.657402 -19.848183 -4.999082 0.004744 0.021491 -1
1 -15.817886 12.218905 -4.999082 0.004744 0.021491 -1
1 -18.430283 7.687179 -4.999075 0.004744 0.021491 -1
1 -2.565193 -19.849455 -4.999080 0.004744 0.021491 -1
1 -19.783207 2.633075 -4.999075 0.004744 0.021491 -1
1 -7.609501 -18.496521 -4.999084 0.004744 0.021491 -1
1 -19.784473 -2.598976 -4.999076 0.004744 0.021491 -1
1 -12.131776 -15.881608 -4.999079 0.004744 0.021491 -1
1 -18.434006 -7.652412 -4.999082 0.004744 0.021491 -1
1 -15.823793 -12.182874 -4.999072 0.004744 0.021491 -1
1 2.398793 -17.809643 5.000937 0.003947 0.912009 -1
1 -2.042328 -15.881183 5.000941 0.003843 0.867689 -1
1 -2.296232 -17.809755 5.000942 0.003837 0.912010 -1
1 2.117179 -15.877455 5.000937 0.003940 0.867603 -1
1 6.135931 -14.790012 5.000945 0.004034 0.842612 -1
1 6.933853 -16.594194 5.000932 0.004052 0.884077 -1
1 10.999917 -14.246210 5.000937 0.004147 0.830114 -1
1 9.740054 -12.693014 5.000941 0.004118 0.794419 -1
1 12.683929 -9.729349 5.000940 0.004186 0.726309 -1
1 14.319876 -10.925727 5.000938 0.004224 0.753806 -1
1 16.667477 -6.859009 5.000942 0.004279 0.660347 -1
1 14.766926 -6.100994 5.000934 0.004235 0.642926 -1
1 15.847103 -2.055207 5.000937 0.004260 0.549948 -1
1 17.882721 -2.323202 5.000936 0.004307 0.556108 -1
1 17.882839 2.372577 5.000939 0.004307 0.448193 -1
1 15.850872 2.132292 5.000938 0.004260 0.453714 -1
1 14.777927 6.176135 5.000942 0.004235 0.360782 -1
1 16.667767 6.908330 5.000943 0.004279 0.343954 -1
1 14.320354 10.974936 5.000935 0.004224 0.250498 -1
1 12.701416 9.800738 5.000947 0.004186 0.277483 -1
1 9.762846 12.759103 5.000942 0.004118 0.209495 -1
1 11.000550 14.295297 5.000934 0.004147 0.174192 -1
1 6.934587 16.643085 5.000937 0.004052 0.120237 -1
1 6.162475 14.849586 5.000939 0.004034 0.161454 -1
1 2.145672 15.929781 5.000941 0.003941 0.136629 -1
1 2.399575 17.858358 5.000938 0.003947 0.092308 -1
1 -2.295451 17.858240 5.000938 0.003837 0.092311 -1
1 -2.013841 15.926018 5.000939 0.003844 0.136716 -1
1 -6.032585 14.838607 5.000942 0.003751 0.161706 -1
1 -6.830513 16.642796 5.000939 0.003732 0.120243 -1
1 -10.896588 14.294803 5.000938 0.003637 0.174203 -1
1 -9.636706 12.741603 5.000943 0.003667 0.209898 -1
1 -12.580580 9.777945 5.000942 0.003598 0.278007 -1
1 -14.216533 10.974319 5.000938 0.003560 0.250512 -1
1 -16.564140 6.907601 5.000936 0.003505 0.343971 -1
1 -14.663586 6.149590 5.000937 0.003550 0.361392 -1
1 -15.743752 2.103801 5.000937 0.003524 0.454369 -1
1 -17.779388 2.371797 5.000936 0.003477 0.448210 -1
1 -17.779491 -2.323986 5.000942 0.003477 0.556126 -1
1 -15.747515 -2.083697 5.000940 0.003524 0.550603 -1
1 -14.674577 -6.127540 5.000940 0.003549 0.643535 -1
1 -16.564426 -6.859737 5.000941 0.003505 0.660363 -1
1 -14.217006 -10.926343 5.000941 0.003560 0.753819 -1
1 -12.598067 -9.752150 5.000941 0.003598 0.726835 -1
1 -9.659496 -12.710508 5.000946 0.003666 0.794822 -1
1 -10.897199 -14.246695 5.000939 0.003637 0.830124 -1
1 -6.831248 -16.594486 5.000939 0.003732 0.884082 -1
1 -6.059141 -14.801023 5.000937 0.003750 0.842865 -1
1 12.225893 -15.875677 5.000938 0.004175 0.867561 -1
1 15.919735 -12.175159 5.000948 0.004261 0.782519 -1
1 -15.823797 -12.182870 5.000940 0.003523 0.782697 -1
1 -12.131764 -15.881600 5.000939 0.003608 0.867698 -1
1 -12.124051 15.919428 5.000943 0.003608 0.136867 -1
1 -15.817890 12.218909 5.000944 0.003523 0.221911 -1
1 12.233616 15.925360 5.000944 0.004176 0.136731 -1
1 15.925648 12.226622 5.000946 0.004262 0.221733 -1
327
0.222073 0.535958 0.814514
0.151090 0.563741 0.812015
0.102007 0.380463 0.919153
0.149764 0.361118 0.920415
0.224865 0.839140 0.495257
0.331744 0.800859 0.498569
0.382691 0.923876 0.000000
0.258818 0.965926 -0.000002
0.224864 0.839140 -0.495258
0.331743 0.800859 -0.498570
0.222073 0.535957 -0.814515
0.151091 0.563741 -0.812014
0.041619 0.155227 -0.987002
0.149765 0.361118 -0.920415
0.237864 0.309727 0.920592
0.353028 0.459900 0.814778
0.527605 0.687523 0.498944
0.608760 0.793355 0.000001
0.527605 0.687523 -0.498944
0.353026 0.459899 -0.814779
0.237863 0.309726 -0.920593
0.459606 0.352500 0.815172
0.309624 0.237155 0.920810
0.687351 0.527384 0.499415
0.793364 0.608748 0.000002
0.687352 0.527385 -0.499412
0.459606 0.352500 -0.815173
0.309622 0.237153 -0.920811
0.359913 0.148907 0.921026
0.534657 0.221346 0.815566
0.800179 0.331402 0.499886
0.923879 0.382686 0.000002
0.800180 0.331403 -0.499884
0.534657 0.221346 -0.815566
0.359911 0.148906 -0.921027
0.573354 0.075416 0.815829
0.385777 0.050617 0.921202
0.858472 0.113004 0.500256
0.991446 0.130517 0.000001
0.858472 0.113004 -0.500257
0.573354 0.075416 -0.815829
0.385778 0.050618 -0.921202
0.385660 -0.050773 0.921243
0.573164 -0.075458 0.815959
0.858414 -0.113012 0.500353
0.991445 -0.130525 -0.000001
0.858414 -0.113012 -0.500353
0.573165 -0.075458 -0.815958
0.385660 -0.050773 -0.921243
0.534299 -0.221242 0.815829
0.359531 -0.148739 0.921203
0.799970 -0.331343 0.500260
0.923883 -0.382676 0.000001
0.799970 -0.331342 -0.500260
0.534298 -0.221242 -0.815829
0.359531 -0.148741 -0.921202
0.309107 -0.236985 0.921027
0.459151 -0.352185 0.815565
0.687140 -0.527212 0.499886
0.793351 -0.608764 0.000005
0.687140 -0.527213 -0.499885
0.459149 -0.352183 -0.815567
0.309107 -0.236984 -0.921028
0.352712 -0.459444 0.815172
0.237690 -0.309208 0.920811
0.527433 -0.687313 0.499414
0.608775 -0.793343 0.000001
0.527433 -0.687314 -0.499414
0.352711 -0.459443 -0.815173
0.237692 -0.309207 -0.920812
0.149595 -0.360736 0.920593
0.221967 -0.535599 0.814778
0.331683 -0.800649 0.498946
0.382682 -0.923880 0.000000
0.331683 -0.800649 -0.498946
0.221967 -0.535600 -0.814778
0.149596 -0.360737 -0.920592
0.075790 -0.575173 0.814513
0.051198 -0.387577 0.920415
0.113161 -0.859429 0.498575
0.130534 -0.991444 0.000002
0.113162 -0.859429 -0.498574
0.075790 -0.575171 -0.814514
0.051196 -0.387575 -0.920416
-0.051041 -0.387697 0.920373
-0.075748 -0.575365 0.814382
-0.113153 -0.859487 0.498476
-0.130526 -0.991445 0.000004
-0.113154 -0.859488 -0.498475
-0.075747 -0.575362 -0.814384
-0.051041 -0.387695 -0.920373
-0.222073 -0.535959 0.814513
-0.149766 -0.361120 0.920414
-0.331741 -0.800856 0.498575
-0.382690 -0.923877 0.000003
-0.331742 -0.800857 -0.498573
-0.222073 -0.535958 -0.814514
-0.149764 -0.361118 -0.920416
-0.237863 -0.309726 0.920592
-0.353027 -0.459901 0.814778
-0.527603 -0.687522 0.498947
-0.608760 -0.793355 0.000002
-0.527604 -0.687522 -0.498946
-0.353028 -0.459900 -0.814778
-0.237864 -0.309726 -0.920593
-0.459605 -0.352500 0.815173
-0.309620 -0.237153 0.920811
-0.687351 -0.527385 0.499413
-0.793364 -0.608748 0.000001
-0.687351 -0.527385 -0.499414
-0.459605 -0.352499 -0.815173
-0.309620 -0.237152 -0.920812
-0.359911 -0.148907 0.921027
-0.534658 -0.221347 0.815565
-0.800179 -0.331403 0.499886
-0.923878 -0.382687 0.000004
-0.800178 -0.331403 -0.499887
-0.534654 -0.221345 -0.815568
-0.359911 -0.148907 -0.921027
-0.573354 -0.075416 0.815829
-0.385777 -0.050617 0.921202
-0.858469 -0.113005 0.500260
-0.991446 -0.130519 0.000001
-0.858469 -0.113005 -0.500261
-0.573352 -0.075416 -0.815831
-0.385775 -0.050617 -0.921203
-0.385659 0.050773 0.921243
-0.573164 0.075458 0.815959
-0.858412 0.113013 0.500356
-0.991445 0.130527 0.000001
-0.858413 0.113012 -0.500356
-0.573162 0.075458 -0.815961
-0.385658 0.050773 -0.921244
-0.534299 0.221242 0.815829
-0.359531 0.148739 0.921203
-0.799971 0.331343 0.500258
-0.923882 0.382676 0.000001
-0.799972 0.331345 -0.500256
-0.534299 0.221242 -0.815829
-0.359530 0.148738 -0.921203
-0.309107 0.236985 0.921027
-0.459150 0.352185 0.815566
-0.687140 0.527212 0.499887
-0.793352 0.608764 -0.000003
-0.687140 0.527212 -0.499886
-0.459152 0.352186 -0.815564
-0.309106 0.236984 -0.921028
-0.352711 0.459444 0.815173
-0.237693 0.309210 0.920810
-0.527433 0.687312 0.499417
-0.608775 0.793343 -0.000001
-0.527434 0.687312 -0.499415
-0.352712 0.459444 -0.815172
-0.237692 0.309208 -0.920811
-0.149596 0.360737 0.920592
-0.221968 0.535599 0.814778
-0.331683 0.800650 0.498944
-0.382681 0.923881 0.000001
-0.331683 0.800650 -0.498944
-0.221967 0.535597 -0.814780
-0.149596 0.360736 -0.920592
-0.075790 0.575173 0.814513
-0.051197 0.387575 0.920415
-0.113162 0.859431 0.498570
-0.130535 0.991444 0.000002
-0.113161 0.859432 -0.498570
-0.075790 0.575171 -0.814515
-0.051198 0.387575 -0.920415
-0.000060 0.393901 0.919153
-0.000035 0.583637 0.812015
-0.000018 0.868747 0.495257
0.000001 1.000000 -0.000002
-0.000017 0.868746 -0.495257
-0.000036 0.583637 -0.812014
-0.000061 0.393901 -0.919153
-0.000000 -0.000000 1.000000
0.000000 -0.000001 1.000000
-0.000001 -0.000001 1.000000
-0.310988 -0.756514 0.575303
-0.106725 -0.810664 0.575703
-0.106740 -0.810777 0.575541
-0.310511 -0.756624 0.575415
0.000002 -0.000001 1.000000
-0.495235 -0.651637 0.574553
-0.495799 -0.651136 0.574635
-0.000000 0.000000 1.000000
-0.647191 -0.502163 0.573564
-0.646594 -0.502931 0.573565
-0.000001 0.000001 1.000000
-0.755979 -0.317270 0.572570
-0.756325 -0.316590 0.572489
-0.000000 0.000000 1.000000
-0.813074 -0.109279 0.571812
-0.813087 -0.109778 0.571697
-0.000001 -0.000001 1.000000
-0.813533 0.107104 0.571570
-0.813647 0.107119 0.571405
-0.000000 -0.000001 1.000000
-0.757085 0.315995 0.571812
-0.756968 0.316481 0.571698
0.000000 0.000000 1.000000
-0.648103 0.502121 0.572570
-0.648613 0.501554 0.572490
0.000000 -0.000000 1.000000
-0.495171 0.652556 0.573564
-0.494396 0.653143 0.573565
0.000000 -0.000000 1.000000
-0.309704 0.757609 0.574553
-0.310379 0.757272 0.574635
-0.000000 -0.000000 1.000000
-0.104590 0.811227 0.575301
-0.104102 0.811210 0.575414
0.000000 -0.000000 1.000000
0.106741 0.810778 0.575539
0.106726 0.810666 0.575700
0.000000 -0.000000 1.000000
0.310987 0.756515 0.575301
0.310511 0.756625 0.575414
0.000000 -0.000000 1.000000
0.495235 0.651637 0.574553
0.495799 0.651137 0.574634
0.000000 -0.000000 1.000000
0.647193 0.502161 0.573564
0.646596 0.502928 0.573565
0.000000 -0.000000 1.000000
0.755980 0.317270 0.572569
0.756326 0.316590 0.572488
0.000000 0.000001 1.000000
0.813075 0.109280 0.571810
0.813088 0.109779 0.571696
-0.000000 0.000000 1.000000
0.813534 -0.107103 0.571569
0.813648 -0.107118 0.571404
-0.000000 -0.000001 1.000000
0.757086 -0.315996 0.571811
0.756970 -0.316482 0.571696
0.000000 -0.000000 1.000000
0.648104 -0.502121 0.572569
0.648614 -0.501554 0.572490
-0.000000 -0.000000 1.000000
0.495170 -0.652557 0.573564
0.494395 -0.653144 0.573564
-0.000001 -0.000001 1.000000
0.309704 -0.757610 0.574552
0.310378 -0.757272 0.574634
-0.000001 -0.000001 1.000000
0.104592 -0.811226 0.575302
0.104102 -0.811210 0.575414
0.000000 0.000000 -1.000000
0.000000 0.000000 -1.000000
0.000000 0.000000 -1.000000
-0.000000 -0.000000 -1.000000
-0.000001 -0.000000 -1.000000
-0.000001 -0.000001 -1.000000
-0.000001 -0.000001 -1.000000
0.000001 0.000001 -1.000000
0.000001 0.000001 -1.000000
-0.000000 -0.000000 -1.000000
-0.000001 -0.000001 -1.000000
-0.000001 -0.000001 -1.000000
0.000000 0.000000 -1.000000
-0.000000 -0.000000 -1.000000
0.000000 0.000000 -1.000000
-0.000001 -0.000000 -1.000000
0.000000 0.000000 -1.000000
0.000000 0.000000 -1.000000
-0.000000 0.000000 -1.000000
0.000000 0.000000 -1.000000
-0.000003 -0.000002 -1.000000
-0.000003 -0.000003 -1.000000
-0.000009 -0.000007 -1.000000
0.000001 -0.000001 1.000000
0.000000 0.000001 1.000000
0.000000 0.000000 1.000000
-0.000000 -0.000000 1.000000
0.000001 -0.000003 1.000000
0.000003 -0.000006 1.000000
0.000001 -0.000002 1.000000
0.000002 -0.000001 1.000000
-0.000000 0.000000 1.000000
-0.000001 0.000000 1.000000
-0.000002 0.000001 1.000000
-0.000004 0.000002 1.000000
-0.000001 0.000000 1.000000
0.000001 0.000000 1.000000
-0.000000 -0.000001 1.000000
-0.000001 -0.000001 1.000000
0.000001 0.000000 1.000000
-0.000001 0.000000 1.000000
0.000001 0.000001 1.000000
0.000005 0.000004 1.000000
0.000002 0.000003 1.000000
0.000000 0.000001 1.000000
0.000001 0.000002 1.000000
0.000001 0.000001 1.000000
0.000000 0.000001 1.000000
0.000000 0.000001 1.000000
-0.000000 0.000001 1.000000
0.000000 0.000001 1.000000
-0.000000 0.000001 1.000000
-0.000001 0.000001 1.000000
-0.000001 0.000001 1.000000
-0.000001 0.000002 1.000000
-0.000001 0.000000 1.000000
0.000000 -0.000001 1.000000
-0.000001 -0.000000 1.000000
-0.000001 -0.000000 1.000000
-0.000000 0.000001 1.000000
-0.000001 0.000001 1.000000
0.000000 0.000001 1.000000
0.000001 0.000000 1.000000
0.000001 0.000000 1.000000
0.000001 0.000000 1.000000
-0.000001 -0.000000 1.000000
-0.000000 0.000001 1.000000
-0.000001 -0.000001 1.000000
-0.000001 -0.000002 1.000000
-0.000000 -0.000000 1.000000
0.000001 0.000000 1.000000
-0.000003 0.000001 1.000000
-0.000004 0.000002 1.000000
-0.000000 -0.000000 1.000000
0.000000 -0.000000 1.000000
0.000002 -0.000002 1.000000
0.000002 -0.000002 1.000000
-0.000004 -0.000004 1.000000
-0.000004 -0.000004 1.000000
438
1 0 1 2 0 1 2 1
1 3 0 2 3 0 2 1
1 0 4 1 0 4 1 1
1 0 5 4 0 5 4 1
1 6 7 4 6 7 4 1
1 5 6 4 5 6 4 1
1 6 8 7 6 8 7 1
1 6 9 8 6 9 8 1
1 10 11 8 10 11 8 1
1 9 10 8 9 10 8 1
1 10 12 11 10 12 11 1
1 10 13 12 10 13 12 1
1 14 0 3 14 0 3 1
1 14 15 0 14 15 0 1
1 16 5 0 16 5 0 1
1 15 16 0 15 16 0 1
1 16 6 5 16 6 5 1
1 16 17 6 16 17 6 1
1 18 9 6 18 9 6 1
1 17 18 6 17 18 6 1
1 18 10 9 18 10 9 1
1 18 19 10 18 19 10 1
1 20 13 10 20 13 10 1
1 19 20 10 19 20 10 1
1 21 15 14 21 15 14 1
1 22 21 14 22 21 14 1
1 21 16 15 21 16 15 1
1 21 23 16 21 23 16 1
1 24 17 16 24 17 16 1
1 23 24 16 23 24 16 1
1 24 18 17 24 18 17 1
1 24 25 18 24 25 18 1
1 26 19 18 26 19 18 1
1 25 26 18 25 26 18 1
1 26 20 19 26 20 19 1
1 26 27 20 26 27 20 1
1 28 21 22 28 21 22 1
1 28 29 21 28 29 21 1
1 30 23 21 30 23 21 1
1 29 30 21 29 30 21 1
1 30 24 23 30 24 23 1
1 30 31 24 30 31 24 1
1 32 25 24 32 25 24 1
1 31 32 24 31 32 24 1
1 32 26 25 32 26 25 1
1 32 33 26 32 33 26 1
1 34 27 26 34 27 26 1
1 33 34 26 33 34 26 1
1 35 29 28 35 29 28 1
1 36 35 28 36 35 28 1
1 35 30 29 35 30 29 1
1 35 37 30 35 37 30 1
1 38 31 30 38 31 30 1
1 37 38 30 37 38 30 1
1 38 32 31 38 32 31 1
1 38 39 32 38 39 32 1
1 40 33 32 40 33 32 1
1 39 40 32 39 40 32 1
1 40 34 33 40 34 33 1
1 40 41 34 40 41 34 1
1 42 35 36 42 35 36 1
1 42 43 35 42 43 35 1
1 44 37 35 44 37 35 1
1 43 44 35 43 44 35 1
1 44 38 37 44 38 37 1
1 44 45 38 44 45 38 1
1 46 39 38 46 39 38 1
1 45 46 38 45 46 38 1
1 46 40 39 46 40 39 1
1 46 47 40 46 47 40 1
1 48 41 40 48 41 40 1
1 47 48 40 47 48 40 1
1 49 43 42 49 43 42 1
1 50 49 42 50 49 42 1
1 49 44 43 49 44 43 1
1 49 51 44 49 51 44 1
1 52 45 44 52 45 44 1
1 51 52 44 51 52 44 1
1 52 46 45 52 46 45 1
1 52 53 46 52 53 46 1
1 54 47 46 54 47 46 1
1 53 54 46 53 54 46 1
1 54 48 47 54 48 47 1
1 54 55 48 54 55 48 1
1 56 49 50 56 49 50 1
1 56 57 49 56 57 49 1
1 58 51 49 58 51 49 1
1 57 58 49 57 58 49 1
1 58 52 51 58 52 51 1
1 58 59 52 58 59 52 1
1 60 53 52 60 53 52 1
1 59 60 52 59 60 52 1
1 60 54 53 60 54 53 1
1 60 61 54 60 61 54 1
1 62 55 54 62 55 54 1
1 61 62 54 61 62 54 1
1 63 57 56 63 57 56 1
1 64 63 56 64 63 56 1
1 63 58 57 63 58 57 1
1 63 65 58 63 65 58 1
1 66 59 58 66 59 58 1
1 65 66 58 65 66 58 1
1 66 60 59 66 60 59 1
1 66 67 60 66 67 60 1
1 68 61 60 68 61 60 1
1 67 68 60 67 68 60 1
1 68 62 61 68 62 61 1
1 68 69 62 68 69 62 1
1 70 63 64 70 63 64 1
1 70 71 63 70 71 63 1
1 72 65 63 72 65 63 1
1 71 72 63 71 72 63 1
1 72 66 65 72 66 65 1
1 72 73 66 72 73 66 1
1 74 67 66 74 67 66 1
1 73 74 66 73 74 66 1
1 74 68 67 74 68 67 1
1 74 75 68 74 75 68 1
1 76 69 68 76 69 68 1
1 75 76 68 75 76 68 1
1 77 71 70 77 71 70 1
1 78 77 70 78 77 70 1
1 77 72 71 77 72 71 1
1 77 79 72 77 79 72 1
1 80 73 72 80 73 72 1
1 79 80 72 79 80 72 1
1 80 74 73 80 74 73 1
1 80 81 74 80 81 74 1
1 82 75 74 82 75 74 1
1 81 82 74 81 82 74 1
1 82 76 75 82 76 75 1
1 82 83 76 82 83 76 1
1 84 77 78 84 77 78 1
1 84 85 77 84 85 77 1
1 86 79 77 86 79 77 1
1 85 86 77 85 86 77 1
1 86 80 79 86 80 79 1
1 86 87 80 86 87 80 1
1 88 81 80 88 81 80 1
1 87 88 80 87 88 80 1
1 88 82 81 88 82 81 1
1 88 89 82 88 89 82 1
1 90 83 82 90 83 82 1
1 89 90 82 89 90 82 1
1 91 85 84 91 85 84 1
1 92 91 84 92 91 84 1
1 91 86 85 91 86 85 1
1 91 93 86 91 93 86 1
1 94 87 86 94 87 86 1
1 93 94 86 93 94 86 1
1 94 88 87 94 88 87 1
1 94 95 88 94 95 88 1
1 96 89 88 96 89 88 1
1 95 96 88 95 96 88 1
1 96 90 89 96 90 89 1
1 96 97 90 96 97 90 1
1 98 91 92 98 91 92 1
1 98 99 91 98 99 91 1
1 100 93 91 100 93 91 1
1 99 100 91 99 100 91 1
1 100 94 93 100 94 93 1
1 100 101 94 100 101 94 1
1 102 95 94 102 95 94 1
1 101 102 94 101 102 94 1
1 102 96 95 102 96 95 1
1 102 103 96 102 103 96 1
1 104 97 96 104 97 96 1
1 103 104 96 103 104 96 1
1 105 99 98 105 99 98 1
1 106 105 98 106 105 98 1
1 105 100 99 105 100 99 1
1 105 107 100 105 107 100 1
1 108 101 100 108 101 100 1
1 107 108 100 107 108 100 1
1 108 102 101 108 102 101 1
1 108 109 102 108 109 102 1
1 110 103 102 110 103 102 1
1 109 110 102 109 110 102 1
1 110 104 103 110 104 103 1
1 110 111 104 110 111 104 1
1 112 105 106 112 105 106 1
1 112 113 105 112 113 105 1
1 114 107 105 114 107 105 1
1 113 114 105 113 114 105 1
1 114 108 107 114 108 107 1
1 114 115 108 114 115 108 1
1 116 109 108 116 109 108 1
1 115 116 108 115 116 108 1
1 116 110 109 116 110 109 1
1 116 117 110 116 117 110 1
1 118 111 110 118 111 110 1
1 117 118 110 117 118 110 1
1 119 113 112 119 113 112 1
1 120 119 112 120 119 112 1
1 119 114 113 119 114 113 1
1 119 121 114 119 121 114 1
1 122 115 114 122 115 114 1
1 121 122 114 121 122 114 1
1 122 116 115 122 116 115 1
1 122 123 116 122 123 116 1
1 124 117 116 124 117 116 1
1 123 124 116 123 124 116 1
1 124 118 117 124 118 117 1
1 124 125 118 124 125 118 1
1 126 119 120 126 119 120 1
1 126 127 119 126 127 119 1
1 128 121 119 128 121 119 1
1 127 128 119 127 128 119 1
1 128 122 121 128 122 121 1
1 128 129 122 128 129 122 1
1 130 123 122 130 123 122 1
1 129 130 122 129 130 122 1
1 130 124 123 130 124 123 1
1 130 131 124 130 131 124 1
1 132 125 124 132 125 124 1
1 131 132 124 131 132 124 1
1 133 127 126 133 127 126 1
1 134 133 126 134 133 126 1
1 133 128 127 133 128 127 1
1 133 135 128 133 135 128 1
1 136 129 128 136 129 128 1
1 135 136 128 135 136 128 1
1 136 130 129 136 130 129 1
1 136 137 130 136 137 130 1
1 138 131 130 138 131 130 1
1 137 138 130 137 138 130 1
1 138 132 131 138 132 131 1
1 138 139 132 138 139 132 1
1 140 133 134 140 133 134 1
1 140 141 133 140 141 133 1
1 142 135 133 142 135 133 1
1 141 142 133 141 142 133 1
1 142 136 135 142 136 135 1
1 142 143 136 142 143 136 1
1 144 137 136 144 137 136 1
1 143 144 136 143 144 136 1
1 144 138 137 144 138 137 1
1 144 145 138 144 145 138 1
1 146 139 138 146 139 138 1
1 145 146 138 145 146 138 1
1 147 141 140 147 141 140 1
1 148 147 140 148 147 140 1
1 147 142 141 147 142 141 1
1 147 149 142 147 149 142 1
1 150 143 142 150 143 142 1
1 149 150 142 149 150 142 1
1 150 144 143 150 144 143 1
1 150 151 144 150 151 144 1
1 152 145 144 152 145 144 1
1 151 152 144 151 152 144 1
1 152 146 145 152 146 145 1
1 152 153 146 152 153 146 1
1 154 147 148 154 147 148 1
1 154 155 147 154 155 147 1
1 156 149 147 156 149 147 1
1 155 156 147 155 156 147 1
1 156 150 149 156 150 149 1
1 156 157 150 156 157 150 1
1 158 151 150 158 151 150 1
1 157 158 150 157 158 150 1
1 158 152 151 158 152 151 1
1 158 159 152 158 159 152 1
1 160 153 152 160 153 152 1
1 159 160 152 159 160 152 1
1 161 155 154 161 155 154 1
1 162 161 154 162 161 154 1
1 161 156 155 161 156 155 1
1 161 163 156 161 163 156 1
1 164 157 156 164 157 156 1
1 163 164 156 163 164 156 1
1 164 158 157 164 158 157 1
1 164 165 158 164 165 158 1
1 166 159 158 166 159 158 1
1 165 166 158 165 166 158 1
1 166 160 159 166 160 159 1
1 166 167 160 166 167 160 1
1 168 161 162 168 161 162 1
1 168 169 161 168 169 161 1
1 170 163 161 170 163 161 1
1 169 170 161 169 170 161 1
1 170 164 163 170 164 163 1
1 170 171 164 170 171 164 1
1 172 165 164 172 165 164 1
1 171 172 164 171 172 164 1
1 172 166 165 172 166 165 1
1 172 173 166 172 173 166 1
1 174 167 166 174 167 166 1
1 173 174 166 173 174 166 1
1 175 176 177 175 176 177 2
1 178 179 177 178 179 180 1
1 176 178 177 181 178 180 1
1 175 180 176 175 182 176 2
1 180 178 176 183 178 181 1
1 180 181 178 183 184 178 1
1 175 182 180 175 185 182 2
1 183 181 180 186 184 183 1
1 182 183 180 187 186 183 1
1 175 184 182 175 188 185 2
1 184 183 182 189 186 187 1
1 184 185 183 189 190 186 1
1 175 186 184 175 191 188 2
1 187 185 184 192 190 189 1
1 186 187 184 193 192 189 1
1 175 188 186 175 194 191 2
1 188 187 186 195 192 193 1
1 188 189 187 195 196 192 1
1 175 190 188 175 197 194 2
1 191 189 188 198 196 195 1
1 190 191 188 199 198 195 1
1 175 192 190 175 200 197 2
1 192 191 190 201 198 199 1
1 192 193 191 201 202 198 1
1 175 194 192 175 203 200 2
1 195 193 192 204 202 201 1
1 194 195 192 205 204 201 1
1 175 196 194 175 206 203 2
1 196 195 194 207 204 205 1
1 196 197 195 207 208 204 1
1 175 198 196 175 209 206 2
1 199 197 196 210 208 207 1
1 198 199 196 211 210 207 1
1 175 200 198 175 212 209 2
1 200 199 198 213 210 211 1
1 200 201 199 213 214 210 1
1 175 202 200 175 215 212 2
1 203 201 200 216 214 213 1
1 202 203 200 217 216 213 1
1 175 204 202 175 218 215 2
1 204 203 202 219 216 217 1
1 204 205 203 219 220 216 1
1 175 206 204 175 221 218 2
1 207 205 204 222 220 219 1
1 206 207 204 223 222 219 1
1 175 208 206 175 224 221 2
1 208 207 206 225 222 223 1
1 208 209 207 225 226 222 1
1 175 210 208 175 227 224 2
1 211 209 208 228 226 225 1
1 210 211 208 229 228 225 1
1 175 212 210 175 230 227 2
1 212 211 210 231 228 229 1
1 212 213 211 231 232 228 1
1 175 214 212 175 233 230 2
1 215 213 212 234 232 231 1
1 214 215 212 235 234 231 1
1 175 216 214 175 236 233 2
1 216 215 214 237 234 235 1
1 216 217 215 237 238 234 1
1 175 218 216 175 239 236 2
1 219 217 216 240 238 237 1
1 218 219 216 241 240 237 1
1 175 220 218 175 242 239 2
1 220 219 218 243 240 241 1
1 220 221 219 243 244 240 1
1 175 222 220 175 245 242 2
1 223 221 220 246 244 243 1
1 222 223 220 247 246 243 1
1 175 177 222 175 177 245 2
1 177 223 222 180 246 247 1
1 177 179 223 180 179 246 1
1 224 225 226 248 249 250 1
1 227 228 225 251 252 249 1
1 229 228 227 253 252 251 1
1 230 228 229 254 252 253 1
1 229 12 230 253 12 254 1
1 231 230 12 255 254 12 1
1 12 232 231 12 256 255 1
1 233 231 232 257 255 256 1
1 232 234 233 256 258 257 1
1 235 233 234 259 257 258 1
1 234 236 235 258 260 259 1
1 224 226 237 248 250 261 1
1 237 238 224 261 262 248 1
1 239 238 237 263 262 261 1
1 240 239 237 264 263 261 1
1 241 239 240 265 263 264 1
1 240 242 241 264 266 265 1
1 243 241 242 267 265 266 1
1 242 244 243 266 268 267 1
1 245 243 244 269 267 268 1
1 244 246 245 268 270 269 1
1 224 227 225 248 251 249 1
1 247 248 249 271 272 273 1
1 247 250 248 271 274 272 1
1 251 250 247 275 274 271 1
1 252 251 247 276 275 271 1
1 253 251 252 277 275 276 1
1 253 254 251 277 278 275 1
1 255 254 253 279 278 277 1
1 256 255 253 280 279 277 1
1 257 255 256 281 279 280 1
1 257 258 255 281 282 279 1
1 259 258 257 283 282 281 1
1 260 259 257 284 283 281 1
1 261 259 260 285 283 284 1
1 261 262 259 285 286 283 1
1 263 262 261 287 286 285 1
1 264 263 261 288 287 285 1
1 265 263 264 289 287 288 1
1 265 266 263 289 290 287 1
1 267 266 265 291 290 289 1
1 268 267 265 292 291 289 1
1 269 267 268 293 291 292 1
1 269 270 267 293 294 291 1
1 271 270 269 295 294 293 1
1 272 271 269 296 295 293 1
1 273 271 272 297 295 296 1
1 273 274 271 297 298 295 1
1 275 274 273 299 298 297 1
1 276 275 273 300 299 297 1
1 277 275 276 301 299 300 1
1 277 278 275 301 302 299 1
1 279 278 277 303 302 301 1
1 280 279 277 304 303 301 1
1 281 279 280 305 303 304 1
1 281 282 279 305 306 303 1
1 283 282 281 307 306 305 1
1 284 283 281 308 307 305 1
1 285 283 284 309 307 308 1
1 285 286 283 309 310 307 1
1 287 286 285 311 310 309 1
1 288 287 285 312 311 309 1
1 289 287 288 313 311 312 1
1 289 290 287 313 314 311 1
1 291 290 289 315 314 313 1
1 292 291 289 316 315 313 1
1 293 291 292 317 315 316 1
1 293 294 291 317 318 315 1
1 248 294 293 272 318 317 1
1 249 248 293 273 272 317 1
1 253 295 256 277 319 280 1
1 295 296 256 319 320 280 1
1 297 298 292 321 322 316 1
1 292 289 297 316 313 321 1
1 299 300 280 323 324 304 1
1 280 277 299 304 301 323 1
1 301 268 265 325 292 289 1
1 265 302 301 289 326 325 1
"Scroller" 0 0
168
0 4.283562 10.229750 7.012220 0.761882 0.960053 -1
0 2.118152 15.886428 7.012228 0.118673 0.981815 -1
0 1.463299 10.981977 7.012220 0.237903 0.959901 -1
0 6.147793 14.807312 7.012226 0.870319 0.981781 -1
0 9.759605 12.718616 7.012227 0.115318 0.981836 -1
0 6.813040 8.779941 7.012228 0.237430 0.960028 -1
0 8.879356 6.731344 7.012230 0.761835 0.959991 -1
0 12.707455 9.762733 7.012222 0.871189 0.981776 -1
0 14.790430 6.141068 7.012223 0.120261 0.981745 -1
0 10.341686 4.223544 7.012226 0.233796 0.959924 -1
0 11.100373 1.427462 7.012224 0.763674 0.960018 -1
0 15.866590 2.100447 7.012215 0.870870 0.981850 -1
0 15.862629 -2.083777 7.012224 0.121269 0.981731 -1
0 11.103732 -1.466354 7.012230 0.238310 0.959943 -1
0 10.351507 -4.260701 7.012217 0.761529 0.960028 -1
0 14.778765 -6.126452 7.012218 0.874019 0.981760 -1
0 12.688885 -9.752077 7.012220 0.118982 0.981745 -1
0 8.894992 -6.765144 7.012228 0.235200 0.959947 -1
0 6.833421 -8.809009 7.012219 0.767061 0.960060 -1
0 9.735431 -12.713575 7.012224 0.873789 0.981712 -1
0 6.119630 -14.809110 7.012219 0.119853 0.981710 -1
0 4.307297 -10.253013 7.012222 0.236698 0.960010 -1
0 1.488772 -10.998740 7.012222 0.761477 0.960047 -1
0 2.087924 -15.895911 7.012218 0.869097 0.981710 -1
0 -2.084929 -15.899858 7.012220 0.119591 0.981728 -1
0 -1.430078 -10.995394 7.012225 0.237210 0.960032 -1
0 -4.250342 -10.243173 7.012226 0.761672 0.960053 -1
0 -6.114572 -14.820742 7.012218 0.869206 0.981762 -1
0 -9.726380 -12.732038 7.012223 0.119460 0.981708 -1
0 -6.779819 -8.793368 7.012224 0.237690 0.959991 -1
0 -8.846128 -6.744759 7.012218 0.761728 0.960029 -1
0 -12.674227 -9.776152 7.012222 0.875284 0.981851 -1
0 -14.757204 -6.154494 7.012224 0.114515 0.981712 -1
0 -10.308455 -4.236966 7.012229 0.237832 0.959923 -1
0 -11.067143 -1.440885 7.012226 0.766848 0.960087 -1
0 -15.833378 -2.113866 7.012219 0.872130 0.981693 -1
0 -15.829399 2.070359 7.012225 0.113508 0.981725 -1
0 -11.070505 1.452934 7.012222 0.236805 0.959905 -1
0 -10.318288 4.247278 7.012226 0.762038 0.959991 -1
0 -14.745540 6.113033 7.012226 0.868977 0.981783 -1
0 -12.655666 9.738653 7.012226 0.115792 0.981712 -1
0 -8.861770 6.751721 7.012220 0.236436 0.959900 -1
0 -6.800200 8.795593 7.012227 0.763464 0.960044 -1
0 -9.702197 12.700155 7.012226 0.872694 0.981831 -1
0 -6.086410 14.795682 7.012225 0.114921 0.981832 -1
0 -4.274079 10.239585 7.012232 0.234930 0.960009 -1
0 -1.455554 10.985316 7.012226 0.762077 0.959972 -1
0 -2.054709 15.882482 7.012227 0.873910 0.981746 -1
0 2.666037 -19.833786 6.000936 0.972926 0.999130 -1
0 -2.296174 -17.809336 6.000947 0.081649 0.990175 -1
0 -2.562697 -19.833775 6.000937 0.033775 0.999130 -1
0 2.398793 -17.809643 5.000937 0.924935 0.990176 -1
0 -2.296232 -17.809755 5.000942 0.081639 0.990177 -1
0 6.935841 -16.594082 6.000938 0.081845 0.990122 -1
0 2.399845 -17.809370 6.000940 0.925116 0.990175 -1
0 6.933853 -16.594194 5.000932 0.081487 0.990122 -1
0 10.999917 -14.246210 5.000937 0.930234 0.990037 -1
0 11.002688 -14.246268 6.000936 0.930741 0.990037 -1
0 16.667477 -6.859009 5.000942 0.923368 0.990252 -1
0 14.319876 -10.925727 5.000938 0.086164 0.990020 -1
0 14.323248 -10.925941 6.000945 0.087310 0.990022 -1
0 16.671227 -6.859391 6.000935 0.924641 0.990256 -1
0 17.886589 -2.323711 6.000932 0.085638 0.990138 -1
0 18.556454 -7.640632 6.000937 0.985361 0.999223 -1
0 17.882721 -2.323202 5.000936 0.084326 0.990133 -1
0 19.909767 2.638662 6.000941 0.983932 0.999108 -1
0 17.886555 2.371978 6.000937 0.929051 0.990142 -1
0 17.882839 2.372577 5.000939 0.927788 0.990136 -1
0 16.671093 6.907674 6.000942 0.087758 0.990023 -1
0 16.667767 6.908330 5.000943 0.086631 0.990017 -1
0 15.942108 12.217442 6.000947 0.979998 0.999010 -1
0 14.323046 10.974282 6.000937 0.930655 0.990094 -1
0 14.320354 10.974936 5.000935 0.929754 0.990089 -1
0 6.934587 16.643085 5.000937 0.924121 0.990074 -1
0 11.000550 14.295297 5.000934 0.085075 0.990235 -1
0 11.002429 14.294659 6.000942 0.085717 0.990240 -1
0 6.935535 16.642540 6.000942 0.924445 0.990079 -1
0 2.399517 17.857914 6.000937 0.081654 0.990302 -1
0 7.716615 18.529091 6.000937 0.978981 0.999293 -1
0 2.399575 17.858358 5.000938 0.081675 0.990298 -1
0 -2.562691 19.882383 6.000935 0.978580 0.999012 -1
0 2.666041 19.882362 6.000937 0.027250 0.999500 -1
0 -2.296502 17.857960 6.000940 0.983359 0.999064 -1
0 -2.295451 17.858240 5.000938 0.983717 0.999062 -1
0 -6.832498 16.642668 6.000944 0.081275 0.990078 -1
0 -18.453117 7.689224 6.000941 0.975919 0.999066 -1
0 -14.219899 10.974544 6.000941 0.081688 0.990092 -1
0 -15.838749 12.217443 6.000941 0.025828 0.999174 -1
0 -19.806416 2.638660 6.000945 0.021897 0.999270 -1
0 -17.783260 2.372306 6.000942 0.083353 0.990301 -1
0 -19.806416 -2.590071 6.000945 0.977352 0.999017 -1
0 -16.567749 -6.859072 6.000945 0.081237 0.990091 -1
0 -17.783230 -2.323386 6.000940 0.933381 0.990135 -1
0 -18.453117 -7.640632 6.000940 0.027064 0.999223 -1
0 -15.838757 -12.168847 6.000938 0.981266 0.999116 -1
0 -7.613269 -18.480492 6.000937 0.972719 0.999068 -1
0 -10.899079 -14.246074 6.000943 0.082979 0.990122 -1
0 -12.141486 -15.866118 6.000936 0.030505 0.999178 -1
0 -6.832191 -16.593952 6.000942 0.928406 0.990121 -1
0 7.716607 -18.480482 6.000933 0.030505 0.999068 -1
0 12.244835 -15.866115 6.000945 0.976203 0.999007 -1
0 15.942097 -12.168840 6.000938 0.031149 0.999116 -1
0 19.909763 -2.590065 6.000938 0.028485 0.999181 -1
0 18.556454 7.689234 6.000935 0.023325 0.999228 -1
0 12.244839 15.914715 6.000944 0.033434 0.999088 -1
0 -7.613264 18.529078 6.000937 0.026845 0.999293 -1
0 -6.830513 16.642796 5.000939 0.081956 0.990077 -1
0 -12.141482 15.914709 6.000943 0.972389 0.998924 -1
0 -10.899348 14.294868 6.000940 0.926602 0.990076 -1
0 -10.896588 14.294803 5.000938 0.927551 0.990076 -1
0 -16.567879 6.907984 6.000937 0.924612 0.990020 -1
0 -16.564140 6.907601 5.000936 0.925890 0.990023 -1
0 -14.216533 10.974319 5.000938 0.082835 0.990094 -1
0 -17.779388 2.371797 5.000936 0.084665 0.990305 -1
0 -17.779491 -2.323986 5.000942 0.934634 0.990141 -1
0 -16.564426 -6.859737 5.000941 0.082362 0.990097 -1
0 -14.219701 -10.925682 6.000939 0.918591 0.990020 -1
0 -14.217006 -10.926343 5.000941 0.919503 0.990025 -1
0 -6.831248 -16.594486 5.000939 0.928561 0.990123 -1
0 -10.897199 -14.246695 5.000939 0.083324 0.990125 -1
0 2.657400 -19.848183 5.000945 0.971380 0.999194 -1
0 7.702367 -18.492809 5.000936 0.027949 0.999121 -1
0 12.225893 -15.875677 5.000938 0.972804 0.999048 -1
0 -2.565192 -19.849455 5.000948 0.033341 0.999199 -1
0 2.667038 19.893202 5.000949 0.027591 0.999408 -1
0 -2.555558 19.891928 5.000946 0.981003 0.998930 -1
0 -7.600522 18.536570 5.000941 0.031174 0.999232 -1
0 -12.124051 15.919428 5.000943 0.978314 0.998884 -1
0 7.711344 18.540266 5.000943 0.977196 0.999199 -1
0 12.233616 15.925360 5.000944 0.029623 0.998999 -1
0 -7.609503 -18.496521 5.000947 0.973391 0.999138 -1
0 -12.131764 -15.881600 5.000939 0.032253 0.999247 -1
0 19.885059 -2.589344 5.000942 0.020096 0.999176 -1
0 19.886318 2.642712 5.000939 0.975965 0.999076 -1
0 18.535851 7.696161 5.000948 0.016316 0.999172 -1
0 15.925648 12.226622 5.000946 0.974411 0.998931 -1
0 18.532124 -7.643443 5.000941 0.977079 0.999248 -1
0 15.919735 -12.175159 5.000948 0.023551 0.999172 -1
0 -19.783207 2.633075 5.000949 0.029782 0.999317 -1
0 -19.784489 -2.598975 5.000942 0.984793 0.999094 -1
0 -18.430279 7.687181 5.000946 0.983672 0.999085 -1
0 -15.817890 12.218909 5.000944 0.032920 0.999161 -1
0 -15.823797 -12.182870 5.000940 0.986359 0.999235 -1
0 -18.434013 -7.652412 5.000947 0.033557 0.999321 -1
0 -15.743752 2.103801 5.000937 0.128892 0.981577 -1
0 -15.747515 -2.083697 5.000940 0.887553 0.981560 -1
0 -14.663586 6.149590 5.000937 0.883693 0.981622 -1
0 -12.580580 9.777945 5.000942 0.129280 0.981538 -1
0 -9.636706 12.741603 5.000943 0.884448 0.981647 -1
0 -6.032585 14.838607 5.000942 0.124591 0.981642 -1
0 -2.013841 15.926018 5.000939 0.881234 0.981553 -1
0 2.145672 15.929781 5.000941 0.123609 0.981623 -1
0 6.162475 14.849586 5.000939 0.872947 0.981594 -1
0 9.762846 12.759103 5.000942 0.115901 0.981656 -1
0 12.701416 9.800738 5.000947 0.870113 0.981609 -1
0 14.777927 6.176135 5.000942 0.118018 0.981590 -1
0 15.850872 2.132292 5.000938 0.868036 0.981709 -1
0 15.847103 -2.055207 5.000937 0.118477 0.981605 -1
0 14.766926 -6.100994 5.000934 0.871893 0.981646 -1
0 12.683929 -9.729349 5.000940 0.118085 0.981645 -1
0 9.740054 -12.693014 5.000941 0.874620 0.981620 -1
0 6.135931 -14.790012 5.000945 0.122781 0.981626 -1
0 2.117179 -15.877455 5.000937 0.874351 0.981629 -1
0 -2.042328 -15.881183 5.000941 0.127242 0.981646 -1
0 -6.059141 -14.801023 5.000937 0.879158 0.981675 -1
0 -9.659496 -12.710508 5.000946 0.131469 0.981612 -1
0 -12.598067 -9.752150 5.000941 0.888957 0.981745 -1
0 -14.674577 -6.127540 5.000940 0.129356 0.981592 -1
168
-0.000001 -0.000000 1.000000
0.102625 0.581464 0.807073
0.000001 -0.000002 1.000000
0.348298 0.744521 0.569541
0.268890 0.349672 0.897456
-0.000001 0.000001 1.000000
0.000001 0.000000 1.000000
0.707038 0.539798 0.456853
0.561635 0.203087 0.802074
0.000001 -0.000001 1.000000
0.000002 0.000001 1.000000
0.829477 0.071452 0.553952
0.590622 -0.104315 0.800178
0.000001 -0.000001 1.000000
0.000001 -0.000001 1.000000
0.755895 -0.351760 0.552167
0.459714 -0.384506 0.800512
0.000002 -0.000001 1.000000
-0.000000 -0.000001 1.000000
0.478711 -0.680911 0.554252
0.170995 -0.410984 0.895463
0.000001 -0.000000 1.000000
0.000000 -0.000001 1.000000
0.118193 -0.887787 0.444821
-0.104437 -0.591750 0.799328
0.000001 -0.000001 1.000000
-0.000000 -0.000001 1.000000
-0.272235 -0.656721 0.703282
-0.435848 -0.565713 0.700003
-0.000001 0.000001 1.000000
0.000000 -0.000001 1.000000
-0.569543 -0.435670 0.697002
-0.664826 -0.273645 0.695072
-0.000000 -0.000002 1.000000
-0.000001 0.000000 1.000000
-0.843503 -0.072654 0.532189
-0.598648 0.105743 0.794002
0.000001 -0.000000 1.000000
0.000001 -0.000000 1.000000
-0.762269 0.354742 0.541391
-0.355111 0.271913 0.894404
0.000001 -0.000001 1.000000
-0.000001 -0.000000 1.000000
-0.546078 0.708102 0.447650
-0.204004 0.557624 0.804635
-0.000000 0.000001 1.000000
0.000001 -0.000000 1.000000
-0.072418 0.819242 0.568856
0.051606 -0.590796 0.805169
0.091914 0.698159 0.710018
-0.091167 -0.692481 0.715653
-0.130538 0.991443 -0.000070
0.130526 0.991445 -0.000423
-0.269353 0.650238 0.710380
-0.091892 0.698087 0.710092
-0.382748 0.923853 0.000657
0.197422 0.980294 -0.006902
0.162617 0.816801 0.553527
-0.923878 0.382670 0.003544
-0.981597 -0.190936 0.003269
-0.814131 -0.160051 0.558188
-0.649288 0.268958 0.711397
-0.696704 0.091722 0.711471
0.546206 -0.254705 0.797988
-0.991437 0.130525 0.003901
0.705753 0.092756 0.702359
-0.696779 -0.091745 0.711395
-0.991440 -0.130513 0.003546
-0.649569 -0.269046 0.711108
-0.923902 -0.382618 0.002822
0.154032 0.781664 0.604381
-0.815694 0.162102 0.555307
-0.981150 0.193082 0.007991
-0.382694 -0.923875 -0.000085
0.198435 -0.980114 -0.000998
0.164221 -0.818103 0.551125
-0.269441 -0.650519 0.710089
-0.091915 -0.698166 0.710011
0.251751 0.539259 0.803630
-0.130526 -0.991445 -0.000448
-0.051722 0.592144 0.804170
0.143693 0.813477 0.563566
0.091893 -0.698089 0.710089
0.130538 -0.991443 -0.000084
0.269353 -0.650241 0.710377
-0.657432 0.272148 0.702651
0.814511 0.160636 0.557466
-0.155497 0.782428 0.603015
-0.706275 0.092983 0.701805
0.696702 -0.091723 0.711473
-0.600892 -0.052390 0.797612
0.649568 0.269046 0.711109
0.696770 0.091745 0.711403
-0.785567 -0.285533 0.548959
-0.153470 -0.780117 0.606518
-0.267848 -0.646221 0.714602
0.066947 0.758780 0.647898
-0.894030 0.147512 0.423026
0.269440 0.650516 0.710092
0.282872 -0.777181 0.562115
0.784929 -0.157999 0.599102
0.155206 -0.780731 0.605285
0.826463 -0.145852 0.543770
0.655776 0.271634 0.704396
0.784850 0.156279 0.599656
-0.283403 0.778646 0.559815
0.382748 -0.923853 0.000641
-0.785246 0.157632 0.598782
-0.162620 -0.816796 0.553533
-0.196950 -0.980398 -0.005523
0.649292 -0.268960 0.711393
0.923878 -0.382671 0.003540
0.981373 0.192082 0.003261
0.991437 -0.130524 0.003905
0.991440 0.130515 0.003556
0.923902 0.382618 0.002815
0.815692 -0.162102 0.555310
0.981213 -0.192718 0.008950
0.382694 0.923875 -0.000071
-0.465126 0.885209 -0.007907
0.174157 -0.984651 0.011512
0.423292 -0.905986 0.003546
0.979780 -0.199384 -0.016652
-0.130511 -0.991330 0.015222
0.086929 0.996160 0.010449
-0.174162 0.984692 0.007002
-0.423293 0.905993 -0.000201
-0.979998 0.198350 -0.016147
0.342078 0.939627 0.009134
0.980459 0.196710 -0.002505
-0.383069 -0.923623 0.013363
-0.846921 -0.531716 0.001625
0.995921 -0.086909 -0.024245
0.991248 0.130047 -0.022717
0.923907 0.382279 -0.016079
0.191784 0.981420 0.005853
0.939635 -0.341449 -0.022330
0.193053 -0.981171 -0.005833
-0.991181 0.130491 -0.023089
-0.984645 -0.173544 -0.018880
-0.923831 0.382176 -0.021880
-0.193587 0.981046 -0.008502
-0.191126 -0.981505 0.010904
-0.906379 -0.422328 -0.010758
-0.995348 0.087194 -0.040972
-0.984099 -0.172102 -0.043934
-0.939619 0.340645 -0.032825
-0.794413 0.607120 -0.017670
-0.611412 0.791304 -0.003602
-0.425068 0.905136 0.006749
-0.175450 0.984340 0.017078
0.086589 0.995986 0.022682
0.342725 0.939155 0.022972
0.610243 0.792036 0.016796
0.795359 0.606071 0.009064
0.907258 0.420565 0.002873
0.985040 0.172271 -0.004314
0.996146 -0.087249 -0.008962
0.940079 -0.340793 -0.010576
0.820479 -0.571595 -0.009704
0.644994 -0.764149 -0.007719
0.384748 -0.923002 -0.006039
0.132190 -0.991198 -0.007173
-0.086606 -0.996181 -0.011050
-0.383503 -0.923323 -0.019995
-0.610807 -0.791256 -0.028782
-0.794271 -0.606426 -0.037157
-0.924127 -0.379653 -0.043053
232
0 0 1 2 0 1 2 1
0 0 3 1 0 3 1 1
0 4 3 0 4 3 0 1
0 5 4 0 5 4 0 1
0 6 4 5 6 4 5 1
0 6 7 4 6 7 4 1
0 8 7 6 8 7 6 1
0 9 8 6 9 8 6 1
0 10 8 9 10 8 9 1
0 10 11 8 10 11 8 1
0 12 11 10 12 11 10 1
0 13 12 10 13 12 10 1
0 14 12 13 14 12 13 1
0 14 15 12 14 15 12 1
0 16 15 14 16 15 14 1
0 17 16 14 17 16 14 1
0 18 16 17 18 16 17 1
0 18 19 16 18 19 16 1
0 20 19 18 20 19 18 1
0 21 20 18 21 20 18 1
0 22 20 21 22 20 21 1
0 22 23 20 22 23 20 1
0 24 23 22 24 23 22 1
0 25 24 22 25 24 22 1
0 26 24 25 26 24 25 1
0 26 27 24 26 27 24 1
0 28 27 26 28 27 26 1
0 29 28 26 29 28 26 1
0 30 28 29 30 28 29 1
0 30 31 28 30 31 28 1
0 32 31 30 32 31 30 1
0 33 32 30 33 32 30 1
0 34 32 33 34 32 33 1
0 34 35 32 34 35 32 1
0 36 35 34 36 35 34 1
0 37 36 34 37 36 34 1
0 38 36 37 38 36 37 1
0 38 39 36 38 39 36 1
0 40 39 38 40 39 38 1
0 41 40 38 41 40 38 1
0 42 40 41 42 40 41 1
0 42 43 40 42 43 40 1
0 44 43 42 44 43 42 1
0 45 44 42 45 44 42 1
0 46 44 45 46 44 45 1
0 46 47 44 46 47 44 1
0 1 47 46 1 47 46 1
0 2 1 46 2 1 46 1
0 48 49 50 48 49 50 1
0 51 52 49 51 52 49 1
0 53 51 54 53 51 54 1
0 53 55 51 53 55 51 1
0 56 55 53 56 55 53 1
0 57 56 53 57 56 53 1
0 58 59 60 58 59 60 1
0 61 58 60 61 58 60 1
0 62 61 63 62 61 63 1
0 62 58 61 62 58 61 1
0 62 64 58 62 64 58 1
0 65 66 62 65 66 62 1
0 67 64 62 67 64 62 1
0 66 67 62 66 67 62 1
0 68 66 65 68 66 65 1
0 68 67 66 68 67 66 1
0 68 69 67 68 69 67 1
0 70 71 68 70 71 68 1
0 72 69 68 72 69 68 1
0 71 72 68 71 72 68 1
0 73 74 75 73 74 75 1
0 76 73 75 76 73 75 1
0 77 76 78 77 76 78 1
0 77 73 76 77 73 76 1
0 77 79 73 77 79 73 1
0 80 77 81 80 77 81 1
0 82 83 77 82 83 77 1
0 84 82 80 84 82 80 1
0 85 86 87 85 86 87 1
0 88 89 85 88 89 85 1
0 90 89 88 90 89 88 1
0 91 92 90 91 92 90 1
0 93 91 90 93 91 90 1
0 94 91 93 94 91 93 1
0 95 96 97 95 96 97 1
0 95 98 96 95 98 96 1
0 49 98 95 49 98 95 1
0 50 49 95 50 49 95 1
0 48 54 49 48 54 49 1
0 54 51 49 54 51 49 1
0 53 54 48 53 54 48 1
0 99 53 48 99 53 48 1
0 100 53 99 100 53 99 1
0 100 57 53 100 57 53 1
0 63 60 101 63 60 101 1
0 63 61 60 63 61 60 1
0 102 62 63 102 62 63 1
0 65 62 102 65 62 102 1
0 103 68 65 103 68 65 1
0 70 68 103 70 68 103 1
0 78 75 104 78 75 104 1
0 78 76 75 78 76 75 1
0 81 77 78 81 77 78 1
0 80 82 77 80 82 77 1
0 83 79 77 83 79 77 1
0 105 84 80 105 84 80 1
0 84 83 82 84 83 82 1
0 84 106 83 84 106 83 1
0 107 84 105 107 84 105 1
0 107 108 84 107 108 84 1
0 109 106 84 109 106 84 1
0 108 109 84 108 109 84 1
0 85 110 86 85 110 86 1
0 111 112 86 111 112 86 1
0 110 111 86 110 111 86 1
0 89 110 85 89 110 85 1
0 89 111 110 89 111 110 1
0 89 113 111 89 113 111 1
0 90 92 89 90 92 89 1
0 114 113 89 114 113 89 1
0 92 114 89 92 114 89 1
0 91 114 92 91 114 92 1
0 91 115 114 91 115 114 1
0 94 116 91 94 116 91 1
0 117 115 91 117 115 91 1
0 116 117 91 116 117 91 1
0 118 119 96 118 119 96 1
0 98 118 96 98 118 96 1
0 49 118 98 49 118 98 1
0 49 52 118 49 52 118 1
0 99 48 120 99 48 120 1
0 121 99 120 121 99 120 1
0 100 99 121 100 99 121 1
0 121 122 100 121 122 100 1
0 48 50 123 48 50 123 1
0 48 123 120 48 123 120 1
0 80 81 124 80 81 124 1
0 124 125 80 124 125 80 1
0 105 80 125 105 80 125 1
0 125 126 105 125 126 105 1
0 107 105 126 107 105 126 1
0 126 127 107 126 127 107 1
0 128 124 81 128 124 81 1
0 81 78 128 81 78 128 1
0 129 128 78 129 128 78 1
0 104 129 78 104 129 78 1
0 95 130 123 95 130 123 1
0 123 50 95 123 50 95 1
0 131 130 95 131 130 95 1
0 95 97 131 95 97 131 1
0 65 102 132 65 102 132 1
0 65 132 133 65 132 133 1
0 134 103 65 134 103 65 1
0 133 134 65 133 134 65 1
0 70 103 134 70 103 134 1
0 134 135 70 134 135 70 1
0 136 132 102 136 132 102 1
0 102 63 136 102 63 136 1
0 137 136 63 137 136 63 1
0 137 63 101 137 63 101 1
0 138 139 90 138 139 90 1
0 90 88 138 90 88 138 1
0 85 140 138 85 140 138 1
0 138 88 85 138 88 85 1
0 141 140 85 141 140 85 1
0 85 87 141 85 87 141 1
0 86 112 141 86 112 141 1
0 141 87 86 141 87 86 1
0 94 142 117 94 142 117 1
0 117 116 94 117 116 94 1
0 143 142 94 143 142 94 1
0 94 93 143 94 93 143 1
0 139 143 93 139 143 93 1
0 93 90 139 93 90 139 1
0 70 135 72 70 135 72 1
0 72 71 70 72 71 70 1
0 60 59 137 60 59 137 1
0 137 101 60 137 101 60 1
0 75 74 129 75 74 129 1
0 129 104 75 129 104 75 1
0 107 127 109 107 127 109 1
0 109 108 107 109 108 107 1
0 100 122 56 100 122 56 1
0 100 56 57 100 56 57 1
0 97 96 119 97 96 119 1
0 119 131 97 119 131 97 1
0 144 145 35 144 145 35 1
0 35 36 144 35 36 144 1
0 146 144 36 146 144 36 1
0 36 39 146 36 39 146 1
0 39 40 147 39 40 147 1
0 147 146 39 147 146 39 1
0 43 148 147 43 148 147 1
0 147 40 43 147 40 43 1
0 149 148 43 149 148 43 1
0 43 44 149 43 44 149 1
0 150 149 44 150 149 44 1
0 44 47 150 44 47 150 1
0 151 150 47 151 150 47 1
0 47 1 151 47 1 151 1
0 152 151 1 152 151 1 1
0 1 3 152 1 3 152 1
0 153 152 3 153 152 3 1
0 3 4 153 3 4 153 1
0 153 4 7 153 4 7 1
0 7 154 153 7 154 153 1
0 155 154 7 155 154 7 1
0 7 8 155 7 8 155 1
0 156 155 8 156 155 8 1
0 8 11 156 8 11 156 1
0 157 156 11 157 156 11 1
0 11 12 157 11 12 157 1
0 158 157 12 158 157 12 1
0 12 15 158 12 15 158 1
0 15 16 159 15 16 159 1
0 159 158 15 159 158 15 1
0 160 159 16 160 159 16 1
0 16 19 160 16 19 160 1
0 161 160 19 161 160 19 1
0 19 20 161 19 20 161 1
0 23 162 161 23 162 161 1
0 161 20 23 161 20 23 1
0 163 162 23 163 162 23 1
0 23 24 163 23 24 163 1
0 164 163 24 164 163 24 1
0 24 27 164 24 27 164 1
0 28 165 164 28 165 164 1
0 164 27 28 164 27 28 1
0 28 31 166 28 31 166 1
0 166 165 28 166 165 28 1
0 32 167 166 32 167 166 1
0 166 31 32 166 31 32 1
0 145 167 32 145 167 32 1
0 35 145 32 35 145 32 1

Materials: 2
"scroll"
0.200000 0.200000 0.200000 1.000000
0.800000 0.800000 0.800000 1.000000
0.000000 0.000000 0.000000 1.000000
0.000000 0.000000 0.000000 1.000000
0.000000
1.000000
"textures/Scroll.ini"
""
"black"
0.200000 0.200000 0.200000 1.000000
0.800000 0.800000 0.800000 1.000000
0.000000 0.000000 0.000000 1.000000
0.000000 0.000000 0.000000 1.000000
0.000000
1.000000
"textures/shell.png"
""

Bones: 0
GroupComments: 0
MaterialComments: 0
BoneComments: 0
ModelComment: 0
